-0.00537021298257 0.999774229634 -0.0202386884128 0.00221191548191 
-0.0429469002789 -0.0199407852751 -0.998868021608 0.0176892264674 
-0.999062923228 0.0073385858373 0.0430473100174 0.411500019545 
0.0 0.0 0.0 1.0 
-0.999621659264 0.0313849061964 0.0223989609065 0.00701743741555 
0.0203503481372 0.976661054506 0.211845071252 -0.00228019702662 
-0.0185040984964 0.212480992738 -0.977046545635 0.410437519495 
0.0 0.0 0.0 1.0 
-0.999438399336 0.0293742286419 0.0277251947016 0.00509357277426 
0.0212108937523 0.995559807254 0.0886232528335 -0.00658076394081 
-0.025941933593 0.0894305589418 -0.995679282016 0.421875020038 
0.0 0.0 0.0 1.0 
-0.999387309606 0.0275074893275 0.0276247559235 0.00577083000029 
0.0213254604767 0.999606324541 -0.00628589927003 -0.0100606859791 
-0.0277530202707 -0.00552575502727 -0.999598599604 0.419750019937 
0.0 0.0 0.0 1.0 
-0.999490542522 0.0205500704014 0.0268825030704 0.00159451727959 
0.0148882739043 0.996291005364 -0.0840959804164 -0.0124910408266 
-0.0282310947295 -0.0835579274297 -0.996094973939 0.430875020465 
0.0 0.0 0.0 1.0 
-0.999121433625 0.0269979576002 0.0361012581751 0.00312176223039 
0.0151847854025 0.986646697868 -0.161538026889 -0.00690736481788 
-0.0390612744832 -0.160621928362 -0.98620594453 0.442812521032 
0.0 0.0 0.0 1.0 
-0.999229828388 0.0205232374405 0.0307148080952 0.000916786900095 
0.0157081001696 0.966286005762 -0.257194082855 -0.0100882134786 
-0.0359583877478 -0.256651810424 -0.965871525778 0.452500021493 
0.0 0.0 0.0 1.0 
-0.0237431407366 -0.998247907735 -0.0463712062158 0.00921626976787 
-0.983741375893 0.0278961657839 0.178956767781 0.00117234325499 
-0.178014518014 0.0521815928943 -0.982763545569 0.416625019789 
0.0 0.0 0.0 1.0 
-0.0231167204003 -0.998229360621 -0.0498687339077 0.0132978046331 
-0.994765736401 0.0272788470374 0.100582688249 -0.00229651639014 
-0.0995326424846 0.0528583777596 -0.993678133101 0.413375019634 
0.0 0.0 0.0 1.0 
-0.0208244194116 -0.998291079909 -0.0542969330459 0.012759943686 
-0.99977385326 0.0213407316807 0.00543664406201 0.00397911122525 
-0.00431113592651 0.0544012219147 -0.998510032981 0.418437519875 
0.0 0.0 0.0 1.0 
-0.020898917973 -0.998608688748 -0.0442410067408 0.0127561319029 
-0.99975860114 0.0283817153786 0.00770007055343 0.00397792254378 
-0.00678046264163 0.0444428283201 -0.998991212292 0.418312519869 
0.0 0.0 0.0 1.0 
-0.0175204306662 -0.995507704252 -0.0923025547425 0.0216649428376 
-0.996211902092 0.0288150343088 -0.0832133322356 0.00120505490297 
0.0851755871153 0.0901892708327 -0.992247841885 0.428250020341 
0.0 0.0 0.0 1.0 
-0.00420224754552 -0.989546415739 -0.144207777821 0.0106486475736 
-0.988531634837 0.0230975136589 -0.148779811515 0.00275735112273 
0.150955450523 0.142353067973 -0.97829887279 0.447500021255 
0.0 0.0 0.0 1.0 
0.0162383168298 -0.999439006204 -0.0334737554686 0.0133723237677 
-0.966863617419 0.00749593670529 -0.255192942175 -0.0118979658183 
0.254776494949 0.0326417494983 -0.9663105453 0.464000022039 
0.0 0.0 0.0 1.0 
0.000319394165561 -0.999230962559 -0.0384521630303 0.0191205593486 
-0.976470135281 0.0157930275513 -0.215504951326 0.000537661253588 
0.215652435394 0.0358896049643 -0.975745380267 0.471625022401 
0.0 0.0 0.0 1.0 
0.998616953338 -0.0240339473931 -0.0450340734747 0.012493118874 
-0.0201300978673 -0.988657286851 0.149216612838 0.00115282178765 
-0.0485691225478 -0.148253629056 -0.987778484621 0.409687519459 
0.0 0.0 0.0 1.0 
0.999391876077 -0.0264906641298 -0.0325516986879 0.0134908178241 
-0.0139489449181 -0.99861196431 -0.0446536116023 0.00328604012579 
-0.0319578623523 0.0455235043857 -0.998472053632 0.419375019919 
0.0 0.0 0.0 1.0 
0.999177409876 -0.0169364727044 -0.0392768872339 0.0179736624174 
-0.0145381211425 -0.993177825016 -0.114639773271 0.00832459251836 
-0.037856923115 0.115373150205 -0.992630368523 0.425750020222 
0.0 0.0 0.0 1.0 
0.999556456467 -0.0145812745806 -0.0236813990975 0.0196796592603 
-0.0224757772339 -0.979185957382 -0.202067268624 0.013270147515 
-0.0195379060371 0.202440725393 -0.979085292652 0.448375021297 
0.0 0.0 0.0 1.0 
